| trial # | val_accuracy | conv_1_filters | conv_2_filters | conv_3_filters | conv_1_kernels | conv_2_kernels | conv_3_kernels | dense_1_units | dense_2_units | optimizer |
|:───────:|:────────────:|:──────────────:|:──────────────:|:──────────────:|:──────────────:|:──────────────:|:──────────────:|:─────────────:|:─────────────:|:─────────:|
|   324   |    0.9822    |       256      |       256      |       32       |        7       |        7       |        5       |       64      |       0       |    adam   |
|   431   |    0.9822    |       256      |       256      |       32       |        7       |        7       |        7       |      128      |       0       |    adam   |
|   203   |    0.9819    |       256      |       256      |       32       |        7       |        7       |        5       |       64      |       0       |    adam   |
|   449   |    0.9819    |       256      |       256      |       32       |        7       |        7       |        5       |       64      |       0       |    adam   |
|   375   |    0.9816    |       256      |       256      |       32       |        7       |        7       |        5       |       64      |       0       |    adam   |
|   262   |    0.9815    |       256      |       256      |       32       |        7       |        7       |        5       |       64      |       0       |    adam   |
|   211   |    0.9814    |       256      |       256      |       32       |        7       |        7       |        5       |       64      |       0       |    adam   |
|   245   |    0.9814    |       256      |       256      |       32       |        7       |        7       |        7       |       64      |       0       |    adam   |
|   172   |    0.9814    |       256      |       256      |       64       |        7       |        7       |        5       |       64      |       0       |    adam   |
|   263   |    0.9813    |       256      |       256      |       32       |        7       |        7       |        5       |       64      |       0       |    adam   |