| trial # | val_accuracy | conv_1_filters | conv_2_filters | conv_3_filters | conv_1_kernels | conv_2_kernels | conv_3_kernels | dense_1_units | dense_2_units | optimizer |
|:───────:|:────────────:|:──────────────:|:──────────────:|:──────────────:|:──────────────:|:──────────────:|:──────────────:|:─────────────:|:─────────────:|:─────────:|
|    24   |    0.0991    |       128      |       32       |       32       |        5       |        3       |        7       |      256      |      512      |  adadelta |
|    10   |    0.1121    |       64       |       64       |       64       |        7       |        5       |        3       |       64      |       0       |  adadelta |
|    6    |    0.1155    |       64       |       32       |       64       |        5       |        3       |        5       |       64      |      512      |  adadelta |
|    20   |    0.1161    |       256      |       64       |       32       |        7       |        5       |        5       |      512      |      128      |  adadelta |
|    5    |    0.1267    |       32       |       64       |       32       |        3       |        3       |        5       |      512      |      128      |  adadelta |
|    12   |    0.1369    |       256      |       128      |       256      |        7       |        3       |        5       |      128      |      256      |  adadelta |
|    2    |    0.1417    |       64       |       64       |       256      |        5       |        5       |        5       |       64      |       0       |  adadelta |
|    3    |    0.1439    |       128      |       256      |       64       |        3       |        3       |        7       |      128      |       64      |  adadelta |
|    4    |    0.1453    |       256      |       32       |       64       |        5       |        3       |        5       |      256      |       0       |  adadelta |
|    16   |    0.1602    |       64       |       64       |       256      |        5       |        3       |        7       |      128      |      128      |  adadelta |